CORE0:
----  --  --  --------
0001  00  01  11111111
1111  00  01  10100000
0001  00  01  11111110
1111  00  01  10100001
0001  00  01  00000000
1111  00  01  10100010
1101  00  01  10100010
1101  00  11  10100000
0100  10  11
0001  00  00  11110000
1100  00  01
0001  00  10  00000001
0011  10  00
1100  00  10
1011  01  10  00100000
1110  00  01
0001  00  01  00000001
0100  01  00
1110  00  10
0011  01  00
1101  00  10  10100000
1011  00  11  00010011
0001  00  01  00000001
1101  00  10  10100010
0011  01  10
1111  00  10  10100010
0001  00  11  00001111
1011  10  11  00001100
----  --  --  --------