:CORE0
	CU         	r2       	r1       	n1             	
	0001 (  1) 	00 (  0) 	01 (  1) 	00000101 (  5) 		#  mov 5, reg[1]
	0001 (  1) 	00 (  0) 	10 (  2) 	00000110 (  6) 		#  mov 6, reg[2]
	0001 (  1) 	00 (  0) 	11 (  3) 	00000111 (  7) 		#  mov 7, reg[3]
	1111 ( 15) 	00 (  0) 	00 (  0) 	11110000 (240) 		#  write reg[0], 240
	0001 (  1) 	00 (  0) 	10 (  2) 	11111111 (255) 		#  mov 255, reg[2]	 (JUMPHERE)
	0001 (  1) 	00 (  0) 	01 (  1) 	00000001 (  1) 		#  mov 1, reg[1]
	0011 (  3) 	01 (  1) 	01 (  1) 	00000000 (  0) 		#  add reg[1], reg[1]
	1110 ( 14) 	01 (  1) 	01 (  1) 	00000000 (  0) 		#  write reg[1], reg[1]
	1010 ( 10) 	01 (  1) 	10 (  2) 	00000011 (  3) 		#  je reg[2], reg[1], JUMPHERE
